00100000000001000000000000110000
00001000000000000000000000001011
10001100100010001111111111111000
10001100100010011111111111111100
00000001000010010001000000100000
00000011111000000000000000001000
10001100100010001111111111111100
00000000101010000001000000101010
00000011111000000000000000001000
10101100100001010000000000000000
00000011111000000000000000001000
00100000000100000000000000000001
10101100100100000000000000000000
10101100100100000000000000000100
00100000100100000000000000001000
00000000000100000010000000100000
00001100000000000000000000000010
00000000000000100010100000100000
00001100000000000000000000000110
00010100000000100000000000000011
00001100000000000000000000001001
00100010000100000000000000000100
00001000000000000000000000001111